
void setup(){
  size(600,600);
}


void draw(){
  background(20,31,72);
  fill(255,255,255);
   ellipse(300,50,15,15);
  ellipse(225,200,15,15);
ellipse(300,350,15,15);
ellipse(250,500,15,15);
ellipse(400,500,15,15);


  stroke(0,0,0);
    fill(216,216,214);
  rect(225,150,150,300);
  fill(119,214,240);
  strokeWeight(5);
  stroke(0,0,0);
  ellipse(300,300,50,50);
    ellipse(300,400,50,50);
  ellipse(300,200,50,50);
 

  fill(142,142,140);
triangle(300,50,225,150,375,150);
line(225,160,375,160);
line(225,440,375,440);
fill(142,142,140);
triangle(375,375,375,500,450,500);
triangle(225,375,225,500,150,500);
noStroke();
fill(214,214,214);
rect(250,450,100,120);
ellipse(300,575,50,50);
ellipse(235,550,50,50);
ellipse(250,575,50,50);
ellipse(350,575,50,50);
ellipse(265,550,50,50);
ellipse(335,550,50,50);
ellipse(360,550,50,50);

stroke(229,12,12);
line(300,450,400,550);

stroke(229,121,12);
line(300,450,200,550);

stroke(229,229,12);
line(250,450,350,550);

stroke(229,12,12);
line(250,450,150,550);

stroke(229,121,12);
line(350,450,450,550);

stroke(229,229,12);
line(350,450,250,550);

noStroke();
fill(255,255,255);
ellipse(50,50,15,15);
ellipse(150,50,15,15);
ellipse(450,50,15,15);
ellipse(550,50,15,15);

ellipse(100,200,15,15);
ellipse(400,200,15,15);
ellipse(500,200,15,15);

ellipse(50,350,15,15);
ellipse(150,350,15,15);
ellipse(450,350,15,15);
ellipse(550,350,15,15);

ellipse(100,500,15,15);

ellipse(500,500,15,15);
}
